# seed: -1534623483
25
38 89
95 61 62
4 50 35 1
75 75 79 68 64
74 38 63 32 95 95
14 40 16 54 61 35 29
63 32 46 50 24 20 81 75
98 93 86 50 3 44 20 99 90
6 11 88 86 16 50 13 68 35 26
10 80 75 13 52 1 44 99 42 2 12
79 16 21 52 5 59 2 83 37 85 51 89
99 4 20 18 8 94 90 93 86 79 54 36 93
46 35 10 51 31 20 72 38 42 41 79 60 45 70
51 60 56 39 24 52 14 95 37 66 41 95 77 69 63
41 83 16 15 42 19 86 43 70 28 15 12 76 1 27 45
6 67 53 61 87 52 70 14 31 81 52 71 20 19 25 50 91
5 13 33 15 75 53 36 86 46 66 86 37 63 34 37 91 79 10
79 85 21 17 12 25 55 45 3 45 19 40 9 48 16 2 45 56 6
30 33 51 20 3 82 15 22 69 34 8 71 57 55 30 7 70 41 97 22
38 18 98 80 61 78 15 98 16 29 34 8 95 53 70 93 57 93 44 55 21
72 54 28 2 61 62 93 39 95 66 59 62 20 95 32 16 86 36 55 71 97 41
0 66 14 17 66 41 62 94 37 57 28 8 80 95 56 17 28 42 63 60 16 58 92
83 21 37 37 44 45 62 36 33 87 65 63 44 90 90 10 42 66 20 12 90 54 70 76
47 28 54 49 91 11 38 90 28 79 73 12 50 54 26 79 2 85 3 79 5 49 57 12 96
64 84 5 29 83 47 14 12 29 15 81 28 31 37 23 33 72 6 53 70 73 42 81 19 37 21
16 7 15 6 85 76 85 68 24 0 9 92 82 19 91 14 16 31 29 9 99 65 54 6 10 81 83
27 31 50 57 69 93 3 57 68 36 38 89 61 23 8 11 43 59 90 69 13 72 74 15 27 77 82 83
84 49 18 42 53 45 57 51 92 54 47 5 92 51 82 26 45 16 64 37 88 25 75 8 22 10 0 95 94
98 30 68 48 8 50 72 71 54 14 32 35 11 51 86 82 46 40 26 42 53 4 36 89 94 51 20 3 3 46
13 60 81 18 32 2 41 4 56 58 58 7 56 21 4 25 9 77 34 47 74 59 60 29 43 44 7 71 93 74 85
98 19 81 30 2 66 74 6 61 79 2 10 61 87 58 97 88 56 82 67 49 18 43 67 10 2 25 39 73 18 90 6
92 23 67 67 50 81 81 57 35 84 35 58 84 60 34 38 17 58 81 72 20 14 60 32 72 97 81 19 62 36 24 12 63
52 28 78 18 34 89 32 13 67 80 85 96 52 21 67 46 35 58 57 54 17 50 30 42 45 80 6 2 51 86 73 55 91 53
23 98 9 68 70 92 44 17 43 77 7 24 80 59 55 92 99 41 97 75 28 92 49 2 85 21 19 86 39 36 86 65 23 86 50
49 94 87 96 4 1 47 73 45 29 63 87 67 6 18 12 5 68 23 37 38 59 27 84 22 0 12 43 49 53 77 44 20 30 95 98
11 63 74 89 34 98 70 74 49 29 17 91 26 81 98 50 85 22 91 21 80 79 52 5 29 66 17 8 81 17 74 18 19 68 41 84 10
7 97 21 88 25 74 85 40 94 90 47 30 22 51 11 55 7 2 5 4 65 80 70 25 23 75 8 71 57 14 26 65 88 35 66 80 73 49
79 42 29 94 32 59 56 53 62 23 98 77 90 87 63 20 46 86 99 87 1 8 17 15 87 92 45 28 55 50 57 38 70 96 97 70 49 77 56
43 22 49 11 38 60 5 0 31 87 66 83 49 12 82 1 38 3 41 30 33 28 14 95 65 88 19 78 19 27 75 57 35 42 35 89 24 95 44 71
98 99 28 46 66 97 20 68 69 1 53 64 81 3 80 65 65 69 73 36 52 13 95 99 74 28 7 14 51 32 62 40 85 40 4 80 81 53 11 39 9
74 33 9 9 94 55 51 28 99 84 99 18 99 46 27 96 90 99 69 8 42 47 52 76 91 98 41 14 87 94 49 98 70 16 42 64 56 88 46 48 48 30
3 28 85 23 13 50 33 69 14 47 41 92 75 67 3 27 41 70 75 71 47 40 29 58 88 19 29 3 33 43 5 41 40 15 96 7 72 37 92 61 85 42 70
13 0 26 74 5 56 32 34 8 36 23 39 15 93 60 46 39 53 55 78 56 6 9 59 50 5 24 13 89 53 51 95 82 72 37 90 50 74 41 86 89 33 47 23
28 58 78 42 9 13 37 59 72 21 45 15 68 51 98 70 2 40 74 38 58 70 3 96 49 47 20 41 80 46 0 78 3 68 95 49 32 94 81 99 91 49 80 78 68
43 51 92 41 9 10 67 90 75 66 56 98 23 17 19 54 86 89 12 62 85 91 56 78 76 3 43 83 22 5 18 50 76 78 19 16 68 43 16 2 30 8 57 77 38 49
34 38 93 68 40 80 71 54 25 84 10 35 87 34 84 93 70 28 51 29 54 69 77 54 75 97 48 62 81 78 44 67 24 58 96 7 4 24 84 5 38 89 93 89 43 94 35
18 79 28 99 30 18 15 88 54 7 72 60 1 54 10 97 28 48 3 79 40 62 65 70 19 59 83 8 4 2 86 75 47 96 11 5 22 43 87 74 16 29 74 99 83 61 31 58
67 15 57 37 85 83 56 48 85 10 27 7 74 46 67 37 53 17 20 64 2 53 63 53 7 16 80 37 85 13 99 37 0 83 79 3 27 43 58 1 66 53 96 63 62 25 67 23 55
98 56 5 36 0 84 98 35 32 58 1 35 0 89 35 16 66 2 96 58 33 80 31 83 39 80 56 87 92 55 70 70 76 67 88 41 39 71 29 89 37 60 51 37 60 33 25 94 67 5
33 2 71 41 97 71 5 56 37 66 18 4 51 53 22 72 92 9 40 11 10 36 4 53 32 46 82 39 81 75 47 21 85 59 71 25 66 86 34 91 27 3 89 69 88 52 36 52 33 71 13
56 69 33 60 61 71 76 82 76 4 38 77 34 97 41 74 52 64 93 30 91 37 91 55 70 50 36 90 79 36 61 54 54 23 67 13 66 82 66 96 18 47 8 97 20 64 99 63 38 26 63 53
37 36 32 49 91 62 88 53 96 9 82 53 9 70 86 31 58 90 23 63 91 24 40 35 58 19 75 76 63 0 45 4 76 20 47 7 32 10 45 56 44 47 65 28 50 47 99 63 50 13 45 68 50
33 98 24 97 5 31 75 44 50 38 25 49 36 99 20 70 40 30 59 50 75 64 28 71 63 49 68 29 43 82 27 15 48 18 15 96 99 49 73 99 71 2 15 4 24 82 29 31 70 31 47 52 24 25
57 86 16 37 66 0 91 7 24 54 87 6 12 60 97 11 66 34 41 66 43 68 1 7 99 17 46 89 23 76 6 73 99 86 56 6 70 87 58 28 98 95 48 15 44 57 14 50 65 12 31 61 83 2 46
41 87 51 26 67 87 14 47 9 42 83 97 56 91 33 71 73 43 67 17 15 41 74 86 42 12 89 21 24 98 98 60 82 44 17 56 30 71 7 36 59 41 1 96 44 45 27 83 18 21 96 40 53 85 56 66
95 53 46 11 6 88 27 59 36 65 19 19 25 32 15 48 60 81 33 94 21 60 5 1 43 33 32 27 74 24 99 10 49 73 61 93 12 53 74 78 25 5 50 66 36 81 2 97 87 18 33 30 20 89 90 10 56
34 54 61 17 84 46 25 72 92 24 7 96 6 15 94 23 61 4 47 76 54 99 27 58 87 91 47 8 91 7 89 40 34 82 45 3 47 10 59 56 49 49 73 77 50 45 82 23 65 27 5 80 72 91 15 44 38 10
51 85 98 84 31 69 79 16 13 43 61 55 46 17 21 42 56 68 18 89 98 1 36 38 55 41 50 85 56 49 65 2 88 48 95 72 32 33 54 5 96 13 32 72 83 86 64 22 38 83 64 19 40 29 48 97 67 62 76
39 99 44 41 7 76 40 24 16 91 54 98 23 34 18 82 50 76 73 46 94 44 42 74 98 93 70 15 96 4 15 58 78 60 30 85 13 74 70 59 36 96 50 33 20 43 45 54 73 29 56 51 72 22 8 76 75 8 98 78
95 10 57 97 29 14 0 39 53 30 33 4 99 60 30 9 7 58 46 28 4 66 92 78 62 60 41 72 38 46 4 68 87 29 35 44 26 97 68 5 65 79 26 65 22 31 14 83 96 89 62 29 72 73 9 8 42 35 98 60 74
26 87 67 30 5 34 63 98 18 11 76 7 79 32 92 5 16 54 83 19 59 77 96 69 81 24 5 90 73 82 47 68 66 25 45 6 6 37 31 80 73 89 12 50 37 47 45 31 79 98 65 13 0 10 5 14 40 35 13 29 99 25
29 0 50 24 51 10 56 17 67 89 85 54 93 78 57 12 70 33 98 54 92 88 36 93 40 76 54 86 56 99 14 20 79 69 87 57 73 14 71 96 19 93 43 86 2 11 63 6 25 90 50 85 90 54 67 34 22 7 0 19 49 21 84
31 96 44 16 29 99 42 39 33 27 24 58 97 56 30 19 89 97 8 49 17 17 78 37 66 90 42 65 33 77 65 31 60 56 16 94 30 60 47 4 13 44 5 87 86 27 29 77 46 10 80 19 81 85 44 70 21 84 54 14 96 0 73 17
1 40 26 53 9 21 99 86 3 17 68 97 19 59 30 33 89 97 73 11 96 20 72 71 14 85 83 67 47 49 80 44 26 50 18 96 49 34 80 41 28 58 11 13 14 83 56 95 12 1 5 70 11 28 66 6 33 44 56 15 67 98 38 42 82
53 52 15 52 11 41 97 62 43 80 10 97 21 75 23 53 90 93 80 27 70 7 44 38 97 98 99 37 25 51 21 53 66 27 51 29 11 66 26 20 25 72 85 58 79 11 77 56 0 88 15 70 70 65 77 26 92 20 70 91 91 47 59 92 74 0
72 47 28 47 57 27 55 62 17 94 54 17 29 84 96 84 78 9 44 30 5 53 50 59 20 98 16 75 62 22 86 38 33 88 4 12 92 62 25 7 59 41 5 3 95 49 9 74 23 20 52 57 49 66 70 87 35 62 71 73 61 48 62 70 71 58 52
22 12 82 40 23 23 83 2 55 75 32 44 53 90 43 81 2 15 97 76 24 68 43 66 27 55 37 92 28 25 59 31 7 46 94 23 37 92 72 31 44 57 60 55 47 8 77 4 97 60 15 41 21 2 77 11 92 38 13 54 84 96 13 55 97 80 82 70
62 34 56 29 6 50 50 0 33 61 88 5 91 53 43 40 47 58 36 7 0 77 29 43 33 11 53 38 15 15 87 46 94 86 35 40 97 0 37 66 14 80 39 35 62 8 25 73 1 15 52 25 55 96 92 11 8 55 55 77 17 36 64 65 96 28 12 23 53
8 21 58 55 97 81 52 96 11 70 36 12 10 36 11 73 70 11 63 56 47 47 32 76 21 10 73 41 47 69 56 70 83 63 22 84 14 35 66 96 32 45 86 88 6 50 27 95 41 57 61 38 72 9 70 14 92 20 58 29 88 4 73 45 23 82 32 20 92 14
74 58 93 19 82 77 37 72 14 80 80 2 0 34 74 33 85 25 39 10 2 3 82 87 59 85 9 67 56 88 17 44 23 70 72 47 52 50 75 27 56 15 59 15 13 39 40 50 3 63 80 77 95 4 77 4 33 78 10 77 28 72 13 26 87 20 63 78 40 79 33
60 0 86 58 63 34 54 66 10 85 78 1 52 56 75 87 64 25 92 52 4 22 32 39 4 20 1 76 55 79 98 7 45 28 65 37 11 18 59 41 55 66 89 88 60 22 34 85 63 89 11 57 49 13 63 44 58 47 59 81 54 44 5 44 35 98 50 12 50 65 97 69
75 72 69 84 32 15 66 86 5 78 71 91 83 86 85 99 60 16 88 44 92 84 37 76 22 27 10 67 72 20 89 25 44 77 44 24 44 9 46 56 6 44 77 24 79 7 4 89 18 31 15 75 0 81 61 36 17 90 70 38 2 1 43 25 87 62 0 26 81 16 80 19 38
47 20 14 32 62 66 70 7 63 0 1 90 41 70 36 82 77 77 81 31 86 6 3 44 95 43 33 26 2 29 48 69 46 72 95 55 30 35 53 13 29 59 46 55 51 84 31 8 38 19 52 48 3 23 32 79 51 71 8 64 97 49 74 14 94 77 34 98 68 53 98 50 5 97
9 10 40 34 2 42 14 60 43 0 83 62 58 24 88 11 69 70 40 3 14 67 71 91 2 64 19 22 22 92 7 84 76 0 83 85 52 74 53 64 95 8 17 10 45 51 76 51 83 4 76 72 48 30 5 38 13 78 51 90 92 33 47 34 86 24 64 81 6 14 35 31 54 63 36
40 4 76 4 96 58 51 23 43 19 64 7 90 62 11 0 90 57 98 72 62 95 11 51 65 39 79 11 78 33 69 85 44 8 98 36 68 26 6 19 33 87 46 27 0 48 12 63 30 29 63 71 12 75 12 57 78 72 78 42 24 16 31 70 81 25 19 39 37 35 14 51 22 45 2 71
7 57 79 79 50 3 88 56 4 70 47 24 8 64 41 0 36 88 72 2 44 89 41 22 25 53 50 44 17 49 89 95 59 84 19 12 65 16 25 83 7 92 21 39 66 36 13 65 69 23 8 9 4 7 10 85 62 24 55 73 8 46 3 69 88 13 65 87 52 59 54 15 31 5 89 67 61
72 86 44 52 26 0 60 11 77 24 32 7 88 56 22 52 49 40 51 70 16 32 58 35 21 26 61 38 25 88 94 92 38 39 31 98 34 15 82 15 7 28 91 73 61 1 43 88 65 75 35 30 5 17 47 89 21 31 81 27 92 33 99 49 29 30 36 48 49 54 63 60 98 14 61 14 59 35
89 86 99 66 75 78 20 2 46 95 56 83 19 38 54 16 58 38 83 26 60 68 45 44 92 51 66 58 11 68 50 65 3 91 14 40 11 44 97 6 53 88 65 84 31 31 39 18 76 91 76 10 86 12 8 10 15 64 34 36 41 57 94 87 85 70 43 80 41 51 44 3 26 89 93 96 88 30 75
30 43 25 46 56 20 75 48 95 59 11 78 88 7 55 59 2 16 72 29 3 23 23 33 29 1 14 11 88 75 0 2 93 30 76 62 90 84 57 31 11 1 43 15 89 65 9 81 81 94 61 5 6 34 36 56 16 52 3 60 57 92 79 41 30 38 76 62 13 35 62 11 3 62 33 57 81 18 51 93
85 57 76 62 71 26 66 97 49 93 3 47 53 99 45 86 57 17 12 18 69 65 35 55 18 47 32 15 2 39 70 97 69 45 66 1 51 63 14 12 60 87 7 85 49 15 97 18 55 10 33 61 70 21 6 74 65 52 37 66 46 84 68 18 46 88 47 66 94 56 31 33 91 98 42 14 60 69 11 45 24
33 78 60 60 40 81 70 63 31 16 13 91 96 55 92 95 28 86 72 52 54 28 81 5 79 77 77 84 53 63 48 34 30 5 78 47 19 95 2 28 70 85 57 30 49 30 72 64 72 4 15 41 9 35 34 47 29 68 38 28 59 34 17 67 46 47 4 71 7 4 41 73 68 55 21 71 17 33 44 82 41 21
16 24 1 27 81 15 80 75 82 27 47 62 82 67 56 11 9 32 3 0 49 53 85 50 86 70 97 48 2 44 14 88 7 91 54 77 22 89 84 77 61 19 24 1 45 61 33 59 26 61 50 0 25 61 94 92 67 99 61 23 20 27 7 94 91 81 31 7 38 47 2 38 94 50 67 70 59 37 79 88 2 56 43
22 41 12 89 99 13 50 92 99 44 22 52 3 13 25 49 19 23 12 89 48 42 30 0 85 37 20 72 73 14 99 51 24 1 14 73 16 48 63 72 78 92 45 1 38 28 56 16 80 90 69 17 37 88 89 15 70 25 85 32 75 38 95 30 41 69 36 15 38 11 90 35 86 2 13 83 92 53 31 24 25 76 72 15
82 52 68 8 25 13 44 25 14 1 41 99 21 33 13 17 38 34 90 34 2 92 49 53 40 7 4 76 93 23 25 30 86 56 19 42 23 88 86 1 93 43 19 24 28 93 98 94 20 26 69 24 90 88 10 76 60 27 84 70 81 21 90 58 42 17 74 34 82 37 86 47 49 29 14 11 78 69 98 54 79 7 21 95 46
96 27 43 46 44 87 16 74 56 34 7 78 58 93 20 48 98 57 75 98 99 14 49 36 5 13 54 56 12 39 41 46 38 40 6 14 59 73 50 93 42 82 18 21 77 23 95 56 94 86 90 64 80 71 9 28 69 4 84 71 29 84 7 15 45 78 21 85 95 62 46 28 42 84 22 20 42 34 29 62 36 2 31 42 29 12
61 28 65 62 58 63 71 86 41 84 17 92 60 19 49 53 14 37 27 28 55 11 6 17 52 54 42 44 94 4 49 99 83 79 89 12 16 69 10 50 15 85 17 79 88 8 16 84 51 99 31 1 62 97 68 55 17 5 27 40 40 44 80 87 80 37 89 17 73 45 65 56 4 70 11 54 52 7 5 5 33 94 36 75 1 87 45
17 0 41 71 95 11 88 52 43 24 42 33 9 96 82 5 83 77 79 18 37 97 25 92 18 36 95 52 19 98 81 49 20 4 40 94 40 97 80 34 4 23 27 10 33 32 9 29 37 54 20 18 9 33 9 12 97 88 12 86 40 89 14 3 54 55 85 67 0 70 66 29 99 76 34 62 57 34 6 94 69 79 13 27 89 86 24 73
31 64 27 98 66 16 59 51 40 63 52 36 61 48 40 70 50 60 81 86 47 24 32 99 74 91 79 5 98 92 94 32 32 77 15 47 34 77 39 58 42 21 17 12 46 81 10 20 6 43 35 66 25 89 76 69 34 27 53 60 79 25 31 25 8 23 60 27 79 8 32 60 16 8 85 35 65 84 22 1 51 33 80 83 7 45 85 60 71
75 47 20 49 91 22 63 91 41 98 45 38 71 87 88 62 94 70 17 14 26 45 49 21 57 4 51 48 77 85 38 54 95 25 1 19 17 3 43 85 57 73 29 46 36 59 11 3 45 98 38 37 58 22 49 28 25 63 72 32 4 45 2 23 43 87 87 1 87 56 56 82 33 61 87 0 18 26 44 45 70 60 34 99 76 23 25 27 67 26
88 28 38 52 74 54 78 6 78 60 66 23 79 82 46 91 47 51 93 85 76 78 37 0 33 72 96 69 20 92 11 43 80 71 88 40 82 3 9 32 34 67 5 97 47 76 20 66 93 91 90 32 54 88 61 34 83 67 70 20 94 33 83 0 25 58 64 14 3 82 24 3 75 14 60 1 77 10 54 10 77 49 92 14 11 37 28 66 81 56 83
15 0 24 2 36 6 48 13 18 61 67 11 58 9 90 20 16 4 34 86 63 39 28 23 32 78 18 28 96 37 75 58 83 74 71 35 3 10 5 88 31 31 90 66 69 40 54 12 58 77 93 50 13 7 73 51 97 36 80 82 89 48 50 64 7 55 43 63 46 3 26 54 86 94 10 40 72 53 63 56 62 79 56 95 16 73 55 61 42 29 13 77
72 6 78 91 13 80 53 45 7 75 14 84 42 1 77 18 67 54 72 60 1 79 33 72 17 37 46 60 95 43 26 87 93 64 85 97 6 0 67 95 20 68 93 70 0 37 53 48 63 64 74 1 23 85 33 87 46 20 75 81 96 57 54 66 60 68 66 50 81 23 54 63 67 33 64 46 48 45 52 90 46 75 36 45 67 16 8 26 13 12 5 94 88
53 91 15 97 83 62 76 80 23 97 70 26 1 51 18 73 58 24 19 54 12 42 27 54 72 81 2 41 30 32 53 91 51 28 26 72 18 84 61 32 77 42 8 76 98 41 53 96 71 2 56 42 45 77 36 44 38 26 23 42 46 89 97 7 9 20 3 98 23 44 8 40 36 56 85 61 19 14 35 1 33 10 93 86 80 48 30 24 22 18 4 25 65 56
91 54 36 37 45 54 19 11 42 34 46 34 84 54 96 18 17 80 39 72 94 71 83 32 16 27 75 88 98 4 37 48 73 29 86 89 33 24 91 60 73 23 15 10 27 9 81 30 45 84 22 28 59 51 36 40 78 61 62 10 86 85 11 5 45 59 3 38 7 64 93 48 3 50 44 6 44 44 61 14 86 5 13 61 35 60 77 0 49 17 42 18 38 10 28
39 51 25 38 10 95 82 47 34 63 97 84 12 52 38 94 61 61 77 85 89 11 88 20 29 72 64 24 81 6 21 46 15 17 71 40 30 4 2 79 71 10 61 60 18 34 27 79 39 56 22 26 87 63 13 67 6 91 53 63 48 12 73 75 21 37 32 64 2 91 85 15 58 23 5 28 57 27 11 52 68 10 1 95 2 15 94 36 40 14 46 84 89 34 47 21
48 90 77 31 10 57 77 10 91 62 30 99 45 28 34 1 85 55 49 52 43 6 68 93 86 70 33 14 25 25 29 50 24 21 78 28 90 15 36 67 95 19 68 93 58 78 21 14 70 68 55 74 11 37 5 0 64 6 6 10 51 49 12 60 10 8 66 56 85 44 61 36 89 79 26 64 88 44 46 11 42 79 87 93 44 56 87 8 23 30 74 23 33 29 1 81 21
93 26 14 93 46 16 56 41 37 93 37 18 61 31 81 9 54 4 28 67 83 72 21 46 87 93 6 6 19 87 67 93 35 94 75 61 51 61 39 52 9 73 90 30 20 71 70 8 5 75 28 60 74 86 54 14 36 11 34 58 45 50 76 19 27 77 59 32 37 53 20 86 99 1 51 83 34 78 83 30 99 20 12 7 60 68 21 10 1 15 96 52 68 98 43 62 60 60
49 75 24 74 25 21 84 58 47 64 83 24 60 95 91 70 25 36 50 10 1 74 38 26 32 85 56 59 87 3 78 87 41 15 94 82 5 3 75 8 75 34 98 82 41 16 4 94 38 82 84 41 90 7 68 75 45 86 84 94 70 13 29 73 96 58 89 76 56 16 8 90 90 74 61 78 94 0 71 87 12 99 22 71 44 24 14 67 23 53 1 70 15 13 26 99 78 13 38
84 38 99 68 77 13 22 6 34 80 0 38 47 62 74 15 46 83 94 72 50 12 31 15 6 58 93 32 93 42 48 93 86 83 0 86 41 35 39 86 77 93 47 84 44 25 6 21 12 63 88 42 20 5 20 42 76 95 96 15 78 0 59 58 83 63 8 66 85 9 89 25 31 14 30 81 26 80 92 2 79 92 31 61 0 0 84 90 35 53 83 44 67 98 66 84 57 38 30 37